                      0000000100010000
                      0000000100000001
        ------------------------------
                  00000 0001 0001 0000 0
                  0000 0000 0000 0000  1 0000 0000 1000 0000
                 00000 0000 1000 1000
                 0000 0000 0000 0000   2 0000 0000 0100 0000
                00000 0000 0100 0100
                0000 0000 0000 0000    3 0000 0000 0010 0000
               00000 0000 0010 0010
               0000 0000 0000 0000     4 0000 0000 0001 0000
              00000 0000 0001 0001
              0000 0000 0000 0000      5 1000 0000 0000 1000
             00000 0000 0000 1000
             0000 0000 0000 0000       6 0100 0000 0000 0100
            00000 0000 0000 0100
            0000 0000 0000 0000        7 0010 0000 0000 0010
          +---------------------------+
          |00000 0000 0000 0010       |
          +---------------------------+---------------------+
           0000 0001 0001 0000        |8 0001 0000 0000 0001|
          00000 0001 0001 0001        +---------------------+
          0000 0000 0000 0000          9 1000 1000 0000 0000
         00000 0000 1000 1000
         0000 0000 0000 0000          10 0100 0100 0000 0000
        00000 0000 0100 0100
        0000 0000 0000 0000           11 0010 0010 0000 0000
       0000 0000 0001 00010
       0000 0000 0000 0000            12 0001 0001 0000 0000
      00000 0000 0001 0001
      0000 0000 0000 0000             13 1000 1000 1000 0000
     00000 0000 0000 1001
     0000 0000 0000 0000              14 0100 0100 0100 0000
    00000 0000 0000 0100
    0000 0000 0000 0000               15 0010 0010 0010 0000
   sub:
   00000 0000 0000 0010
   last shift:
   0000 0000 0000 0001                   0001 0001 0001 0000
